              1
             20
             -1        0.324439        0.325921        0.318603        0.317587        0.664232        0.317587        0.318603        0.325921        0.324439        0.332414        0.332414        0.329092        0.322298        0.318815        0.315009        0.315009        0.318815        0.322298        0.329092 
       0.324439              -1        0.324439        0.325921        0.318603        0.317587        0.664232        0.317587        0.318603        0.325921        0.329092        0.332414        0.332414        0.329092        0.322298        0.318815        0.315009        0.315009        0.318815        0.322298 
       0.325921        0.324439              -1        0.324439        0.325921        0.318603        0.317587        0.664232        0.317587        0.318603        0.322298        0.329092        0.332414        0.332414        0.329092        0.322298        0.318815        0.315009        0.315009        0.318815 
       0.318603        0.325921        0.324439              -1        0.324439        0.325921        0.318603        0.317587        0.664232        0.317587        0.318815        0.322298        0.329092        0.332414        0.332414        0.329092        0.322298        0.318815        0.315009        0.315009 
       0.317587        0.318603        0.325921        0.324439              -1        0.324439        0.325921        0.318603        0.317587        0.664232        0.315009        0.318815        0.322298        0.329092        0.332414        0.332414        0.329092        0.322298        0.318815        0.315009 
       0.664232        0.317587        0.318603        0.325921        0.324439              -1        0.324439        0.325921        0.318603        0.317587        0.315009        0.315009        0.318815        0.322298        0.329092        0.332414        0.332414        0.329092        0.322298        0.318815 
       0.317587        0.664232        0.317587        0.318603        0.325921        0.324439              -1        0.324439        0.325921        0.318603        0.318815        0.315009        0.315009        0.318815        0.322298        0.329092        0.332414        0.332414        0.329092        0.322298 
       0.318603        0.317587        0.664232        0.317587        0.318603        0.325921        0.324439              -1        0.324439        0.325921        0.322298        0.318815        0.315009        0.315009        0.318815        0.322298        0.329092        0.332414        0.332414        0.329092 
       0.325921        0.318603        0.317587        0.664232        0.317587        0.318603        0.325921        0.324439              -1        0.324439        0.329092        0.322298        0.318815        0.315009        0.315009        0.318815        0.322298        0.329092        0.332414        0.332414 
       0.324439        0.325921        0.318603        0.317587        0.664232        0.317587        0.318603        0.325921        0.324439              -1        0.332414        0.329092        0.322298        0.318815        0.315009        0.315009        0.318815        0.322298        0.329092        0.332414 
       0.332414        0.329092        0.322298        0.318815        0.315009        0.315009        0.318815        0.322298        0.329092        0.332414              -1        0.324439        0.325921        0.318603        0.317587        0.664232        0.317587        0.318603        0.325921        0.324439 
       0.332414        0.332414        0.329092        0.322298        0.318815        0.315009        0.315009        0.318815        0.322298        0.329092        0.324439              -1        0.324439        0.325921        0.318603        0.317587        0.664232        0.317587        0.318603        0.325921 
       0.329092        0.332414        0.332414        0.329092        0.322298        0.318815        0.315009        0.315009        0.318815        0.322298        0.325921        0.324439              -1        0.324439        0.325921        0.318603        0.317587        0.664232        0.317587        0.318603 
       0.322298        0.329092        0.332414        0.332414        0.329092        0.322298        0.318815        0.315009        0.315009        0.318815        0.318603        0.325921        0.324439              -1        0.324439        0.325921        0.318603        0.317587        0.664232        0.317587 
       0.318815        0.322298        0.329092        0.332414        0.332414        0.329092        0.322298        0.318815        0.315009        0.315009        0.317587        0.318603        0.325921        0.324439              -1        0.324439        0.325921        0.318603        0.317587        0.664232 
       0.315009        0.318815        0.322298        0.329092        0.332414        0.332414        0.329092        0.322298        0.318815        0.315009        0.664232        0.317587        0.318603        0.325921        0.324439              -1        0.324439        0.325921        0.318603        0.317587 
       0.315009        0.315009        0.318815        0.322298        0.329092        0.332414        0.332414        0.329092        0.322298        0.318815        0.317587        0.664232        0.317587        0.318603        0.325921        0.324439              -1        0.324439        0.325921        0.318603 
       0.318815        0.315009        0.315009        0.318815        0.322298        0.329092        0.332414        0.332414        0.329092        0.322298        0.318603        0.317587        0.664232        0.317587        0.318603        0.325921        0.324439              -1        0.324439        0.325921 
       0.322298        0.318815        0.315009        0.315009        0.318815        0.322298        0.329092        0.332414        0.332414        0.329092        0.325921        0.318603        0.317587        0.664232        0.317587        0.318603        0.325921        0.324439              -1        0.324439 
       0.329092        0.322298        0.318815        0.315009        0.315009        0.318815        0.322298        0.329092        0.332414        0.332414        0.324439        0.325921        0.318603        0.317587        0.664232        0.317587        0.318603        0.325921        0.324439              -1 

