              1
             40
             -1        0.223453        0.224727        0.216712        0.208391        0.209359        0.206851        0.210532        0.203074        0.191794        0.417898        0.191794        0.203074        0.210532        0.206851        0.209359        0.208391        0.216712        0.224727        0.223453        0.226696        0.226696        0.225048        0.224672        0.214764        0.202589        0.214106        0.208552        0.202352        0.198606        0.197562        0.197562        0.198606        0.202352        0.208552        0.214106        0.202589        0.214764        0.224672        0.225048 
       0.223453              -1        0.223453        0.224727        0.216712        0.208391        0.209359        0.206851        0.210532        0.203074        0.191794        0.417898        0.191794        0.203074        0.210532        0.206851        0.209359        0.208391        0.216712        0.224727        0.225048        0.226696        0.226696        0.225048        0.224672        0.214764        0.202589        0.214106        0.208552        0.202352        0.198606        0.197562        0.197562        0.198606        0.202352        0.208552        0.214106        0.202589        0.214764        0.224672 
       0.224727        0.223453              -1        0.223453        0.224727        0.216712        0.208391        0.209359        0.206851        0.210532        0.203074        0.191794        0.417898        0.191794        0.203074        0.210532        0.206851        0.209359        0.208391        0.216712        0.224672        0.225048        0.226696        0.226696        0.225048        0.224672        0.214764        0.202589        0.214106        0.208552        0.202352        0.198606        0.197562        0.197562        0.198606        0.202352        0.208552        0.214106        0.202589        0.214764 
       0.216712        0.224727        0.223453              -1        0.223453        0.224727        0.216712        0.208391        0.209359        0.206851        0.210532        0.203074        0.191794        0.417898        0.191794        0.203074        0.210532        0.206851        0.209359        0.208391        0.214764        0.224672        0.225048        0.226696        0.226696        0.225048        0.224672        0.214764        0.202589        0.214106        0.208552        0.202352        0.198606        0.197562        0.197562        0.198606        0.202352        0.208552        0.214106        0.202589 
       0.208391        0.216712        0.224727        0.223453              -1        0.223453        0.224727        0.216712        0.208391        0.209359        0.206851        0.210532        0.203074        0.191794        0.417898        0.191794        0.203074        0.210532        0.206851        0.209359        0.202589        0.214764        0.224672        0.225048        0.226696        0.226696        0.225048        0.224672        0.214764        0.202589        0.214106        0.208552        0.202352        0.198606        0.197562        0.197562        0.198606        0.202352        0.208552        0.214106 
       0.209359        0.208391        0.216712        0.224727        0.223453              -1        0.223453        0.224727        0.216712        0.208391        0.209359        0.206851        0.210532        0.203074        0.191794        0.417898        0.191794        0.203074        0.210532        0.206851        0.214106        0.202589        0.214764        0.224672        0.225048        0.226696        0.226696        0.225048        0.224672        0.214764        0.202589        0.214106        0.208552        0.202352        0.198606        0.197562        0.197562        0.198606        0.202352        0.208552 
       0.206851        0.209359        0.208391        0.216712        0.224727        0.223453              -1        0.223453        0.224727        0.216712        0.208391        0.209359        0.206851        0.210532        0.203074        0.191794        0.417898        0.191794        0.203074        0.210532        0.208552        0.214106        0.202589        0.214764        0.224672        0.225048        0.226696        0.226696        0.225048        0.224672        0.214764        0.202589        0.214106        0.208552        0.202352        0.198606        0.197562        0.197562        0.198606        0.202352 
       0.210532        0.206851        0.209359        0.208391        0.216712        0.224727        0.223453              -1        0.223453        0.224727        0.216712        0.208391        0.209359        0.206851        0.210532        0.203074        0.191794        0.417898        0.191794        0.203074        0.202352        0.208552        0.214106        0.202589        0.214764        0.224672        0.225048        0.226696        0.226696        0.225048        0.224672        0.214764        0.202589        0.214106        0.208552        0.202352        0.198606        0.197562        0.197562        0.198606 
       0.203074        0.210532        0.206851        0.209359        0.208391        0.216712        0.224727        0.223453              -1        0.223453        0.224727        0.216712        0.208391        0.209359        0.206851        0.210532        0.203074        0.191794        0.417898        0.191794        0.198606        0.202352        0.208552        0.214106        0.202589        0.214764        0.224672        0.225048        0.226696        0.226696        0.225048        0.224672        0.214764        0.202589        0.214106        0.208552        0.202352        0.198606        0.197562        0.197562 
       0.191794        0.203074        0.210532        0.206851        0.209359        0.208391        0.216712        0.224727        0.223453              -1        0.223453        0.224727        0.216712        0.208391        0.209359        0.206851        0.210532        0.203074        0.191794        0.417898        0.197562        0.198606        0.202352        0.208552        0.214106        0.202589        0.214764        0.224672        0.225048        0.226696        0.226696        0.225048        0.224672        0.214764        0.202589        0.214106        0.208552        0.202352        0.198606        0.197562 
       0.417898        0.191794        0.203074        0.210532        0.206851        0.209359        0.208391        0.216712        0.224727        0.223453              -1        0.223453        0.224727        0.216712        0.208391        0.209359        0.206851        0.210532        0.203074        0.191794        0.197562        0.197562        0.198606        0.202352        0.208552        0.214106        0.202589        0.214764        0.224672        0.225048        0.226696        0.226696        0.225048        0.224672        0.214764        0.202589        0.214106        0.208552        0.202352        0.198606 
       0.191794        0.417898        0.191794        0.203074        0.210532        0.206851        0.209359        0.208391        0.216712        0.224727        0.223453              -1        0.223453        0.224727        0.216712        0.208391        0.209359        0.206851        0.210532        0.203074        0.198606        0.197562        0.197562        0.198606        0.202352        0.208552        0.214106        0.202589        0.214764        0.224672        0.225048        0.226696        0.226696        0.225048        0.224672        0.214764        0.202589        0.214106        0.208552        0.202352 
       0.203074        0.191794        0.417898        0.191794        0.203074        0.210532        0.206851        0.209359        0.208391        0.216712        0.224727        0.223453              -1        0.223453        0.224727        0.216712        0.208391        0.209359        0.206851        0.210532        0.202352        0.198606        0.197562        0.197562        0.198606        0.202352        0.208552        0.214106        0.202589        0.214764        0.224672        0.225048        0.226696        0.226696        0.225048        0.224672        0.214764        0.202589        0.214106        0.208552 
       0.210532        0.203074        0.191794        0.417898        0.191794        0.203074        0.210532        0.206851        0.209359        0.208391        0.216712        0.224727        0.223453              -1        0.223453        0.224727        0.216712        0.208391        0.209359        0.206851        0.208552        0.202352        0.198606        0.197562        0.197562        0.198606        0.202352        0.208552        0.214106        0.202589        0.214764        0.224672        0.225048        0.226696        0.226696        0.225048        0.224672        0.214764        0.202589        0.214106 
       0.206851        0.210532        0.203074        0.191794        0.417898        0.191794        0.203074        0.210532        0.206851        0.209359        0.208391        0.216712        0.224727        0.223453              -1        0.223453        0.224727        0.216712        0.208391        0.209359        0.214106        0.208552        0.202352        0.198606        0.197562        0.197562        0.198606        0.202352        0.208552        0.214106        0.202589        0.214764        0.224672        0.225048        0.226696        0.226696        0.225048        0.224672        0.214764        0.202589 
       0.209359        0.206851        0.210532        0.203074        0.191794        0.417898        0.191794        0.203074        0.210532        0.206851        0.209359        0.208391        0.216712        0.224727        0.223453              -1        0.223453        0.224727        0.216712        0.208391        0.202589        0.214106        0.208552        0.202352        0.198606        0.197562        0.197562        0.198606        0.202352        0.208552        0.214106        0.202589        0.214764        0.224672        0.225048        0.226696        0.226696        0.225048        0.224672        0.214764 
       0.208391        0.209359        0.206851        0.210532        0.203074        0.191794        0.417898        0.191794        0.203074        0.210532        0.206851        0.209359        0.208391        0.216712        0.224727        0.223453              -1        0.223453        0.224727        0.216712        0.214764        0.202589        0.214106        0.208552        0.202352        0.198606        0.197562        0.197562        0.198606        0.202352        0.208552        0.214106        0.202589        0.214764        0.224672        0.225048        0.226696        0.226696        0.225048        0.224672 
       0.216712        0.208391        0.209359        0.206851        0.210532        0.203074        0.191794        0.417898        0.191794        0.203074        0.210532        0.206851        0.209359        0.208391        0.216712        0.224727        0.223453              -1        0.223453        0.224727        0.224672        0.214764        0.202589        0.214106        0.208552        0.202352        0.198606        0.197562        0.197562        0.198606        0.202352        0.208552        0.214106        0.202589        0.214764        0.224672        0.225048        0.226696        0.226696        0.225048 
       0.224727        0.216712        0.208391        0.209359        0.206851        0.210532        0.203074        0.191794        0.417898        0.191794        0.203074        0.210532        0.206851        0.209359        0.208391        0.216712        0.224727        0.223453              -1        0.223453        0.225048        0.224672        0.214764        0.202589        0.214106        0.208552        0.202352        0.198606        0.197562        0.197562        0.198606        0.202352        0.208552        0.214106        0.202589        0.214764        0.224672        0.225048        0.226696        0.226696 
       0.223453        0.224727        0.216712        0.208391        0.209359        0.206851        0.210532        0.203074        0.191794        0.417898        0.191794        0.203074        0.210532        0.206851        0.209359        0.208391        0.216712        0.224727        0.223453              -1        0.226696        0.225048        0.224672        0.214764        0.202589        0.214106        0.208552        0.202352        0.198606        0.197562        0.197562        0.198606        0.202352        0.208552        0.214106        0.202589        0.214764        0.224672        0.225048        0.226696 
       0.226696        0.225048        0.224672        0.214764        0.202589        0.214106        0.208552        0.202352        0.198606        0.197562        0.197562        0.198606        0.202352        0.208552        0.214106        0.202589        0.214764        0.224672        0.225048        0.226696              -1        0.223453        0.224727        0.216712        0.208391        0.209359        0.206851        0.210532        0.203074        0.191794        0.417898        0.191794        0.203074        0.210532        0.206851        0.209359        0.208391        0.216712        0.224727        0.223453 
       0.226696        0.226696        0.225048        0.224672        0.214764        0.202589        0.214106        0.208552        0.202352        0.198606        0.197562        0.197562        0.198606        0.202352        0.208552        0.214106        0.202589        0.214764        0.224672        0.225048        0.223453              -1        0.223453        0.224727        0.216712        0.208391        0.209359        0.206851        0.210532        0.203074        0.191794        0.417898        0.191794        0.203074        0.210532        0.206851        0.209359        0.208391        0.216712        0.224727 
       0.225048        0.226696        0.226696        0.225048        0.224672        0.214764        0.202589        0.214106        0.208552        0.202352        0.198606        0.197562        0.197562        0.198606        0.202352        0.208552        0.214106        0.202589        0.214764        0.224672        0.224727        0.223453              -1        0.223453        0.224727        0.216712        0.208391        0.209359        0.206851        0.210532        0.203074        0.191794        0.417898        0.191794        0.203074        0.210532        0.206851        0.209359        0.208391        0.216712 
       0.224672        0.225048        0.226696        0.226696        0.225048        0.224672        0.214764        0.202589        0.214106        0.208552        0.202352        0.198606        0.197562        0.197562        0.198606        0.202352        0.208552        0.214106        0.202589        0.214764        0.216712        0.224727        0.223453              -1        0.223453        0.224727        0.216712        0.208391        0.209359        0.206851        0.210532        0.203074        0.191794        0.417898        0.191794        0.203074        0.210532        0.206851        0.209359        0.208391 
       0.214764        0.224672        0.225048        0.226696        0.226696        0.225048        0.224672        0.214764        0.202589        0.214106        0.208552        0.202352        0.198606        0.197562        0.197562        0.198606        0.202352        0.208552        0.214106        0.202589        0.208391        0.216712        0.224727        0.223453              -1        0.223453        0.224727        0.216712        0.208391        0.209359        0.206851        0.210532        0.203074        0.191794        0.417898        0.191794        0.203074        0.210532        0.206851        0.209359 
       0.202589        0.214764        0.224672        0.225048        0.226696        0.226696        0.225048        0.224672        0.214764        0.202589        0.214106        0.208552        0.202352        0.198606        0.197562        0.197562        0.198606        0.202352        0.208552        0.214106        0.209359        0.208391        0.216712        0.224727        0.223453              -1        0.223453        0.224727        0.216712        0.208391        0.209359        0.206851        0.210532        0.203074        0.191794        0.417898        0.191794        0.203074        0.210532        0.206851 
       0.214106        0.202589        0.214764        0.224672        0.225048        0.226696        0.226696        0.225048        0.224672        0.214764        0.202589        0.214106        0.208552        0.202352        0.198606        0.197562        0.197562        0.198606        0.202352        0.208552        0.206851        0.209359        0.208391        0.216712        0.224727        0.223453              -1        0.223453        0.224727        0.216712        0.208391        0.209359        0.206851        0.210532        0.203074        0.191794        0.417898        0.191794        0.203074        0.210532 
       0.208552        0.214106        0.202589        0.214764        0.224672        0.225048        0.226696        0.226696        0.225048        0.224672        0.214764        0.202589        0.214106        0.208552        0.202352        0.198606        0.197562        0.197562        0.198606        0.202352        0.210532        0.206851        0.209359        0.208391        0.216712        0.224727        0.223453              -1        0.223453        0.224727        0.216712        0.208391        0.209359        0.206851        0.210532        0.203074        0.191794        0.417898        0.191794        0.203074 
       0.202352        0.208552        0.214106        0.202589        0.214764        0.224672        0.225048        0.226696        0.226696        0.225048        0.224672        0.214764        0.202589        0.214106        0.208552        0.202352        0.198606        0.197562        0.197562        0.198606        0.203074        0.210532        0.206851        0.209359        0.208391        0.216712        0.224727        0.223453              -1        0.223453        0.224727        0.216712        0.208391        0.209359        0.206851        0.210532        0.203074        0.191794        0.417898        0.191794 
       0.198606        0.202352        0.208552        0.214106        0.202589        0.214764        0.224672        0.225048        0.226696        0.226696        0.225048        0.224672        0.214764        0.202589        0.214106        0.208552        0.202352        0.198606        0.197562        0.197562        0.191794        0.203074        0.210532        0.206851        0.209359        0.208391        0.216712        0.224727        0.223453              -1        0.223453        0.224727        0.216712        0.208391        0.209359        0.206851        0.210532        0.203074        0.191794        0.417898 
       0.197562        0.198606        0.202352        0.208552        0.214106        0.202589        0.214764        0.224672        0.225048        0.226696        0.226696        0.225048        0.224672        0.214764        0.202589        0.214106        0.208552        0.202352        0.198606        0.197562        0.417898        0.191794        0.203074        0.210532        0.206851        0.209359        0.208391        0.216712        0.224727        0.223453              -1        0.223453        0.224727        0.216712        0.208391        0.209359        0.206851        0.210532        0.203074        0.191794 
       0.197562        0.197562        0.198606        0.202352        0.208552        0.214106        0.202589        0.214764        0.224672        0.225048        0.226696        0.226696        0.225048        0.224672        0.214764        0.202589        0.214106        0.208552        0.202352        0.198606        0.191794        0.417898        0.191794        0.203074        0.210532        0.206851        0.209359        0.208391        0.216712        0.224727        0.223453              -1        0.223453        0.224727        0.216712        0.208391        0.209359        0.206851        0.210532        0.203074 
       0.198606        0.197562        0.197562        0.198606        0.202352        0.208552        0.214106        0.202589        0.214764        0.224672        0.225048        0.226696        0.226696        0.225048        0.224672        0.214764        0.202589        0.214106        0.208552        0.202352        0.203074        0.191794        0.417898        0.191794        0.203074        0.210532        0.206851        0.209359        0.208391        0.216712        0.224727        0.223453              -1        0.223453        0.224727        0.216712        0.208391        0.209359        0.206851        0.210532 
       0.202352        0.198606        0.197562        0.197562        0.198606        0.202352        0.208552        0.214106        0.202589        0.214764        0.224672        0.225048        0.226696        0.226696        0.225048        0.224672        0.214764        0.202589        0.214106        0.208552        0.210532        0.203074        0.191794        0.417898        0.191794        0.203074        0.210532        0.206851        0.209359        0.208391        0.216712        0.224727        0.223453              -1        0.223453        0.224727        0.216712        0.208391        0.209359        0.206851 
       0.208552        0.202352        0.198606        0.197562        0.197562        0.198606        0.202352        0.208552        0.214106        0.202589        0.214764        0.224672        0.225048        0.226696        0.226696        0.225048        0.224672        0.214764        0.202589        0.214106        0.206851        0.210532        0.203074        0.191794        0.417898        0.191794        0.203074        0.210532        0.206851        0.209359        0.208391        0.216712        0.224727        0.223453              -1        0.223453        0.224727        0.216712        0.208391        0.209359 
       0.214106        0.208552        0.202352        0.198606        0.197562        0.197562        0.198606        0.202352        0.208552        0.214106        0.202589        0.214764        0.224672        0.225048        0.226696        0.226696        0.225048        0.224672        0.214764        0.202589        0.209359        0.206851        0.210532        0.203074        0.191794        0.417898        0.191794        0.203074        0.210532        0.206851        0.209359        0.208391        0.216712        0.224727        0.223453              -1        0.223453        0.224727        0.216712        0.208391 
       0.202589        0.214106        0.208552        0.202352        0.198606        0.197562        0.197562        0.198606        0.202352        0.208552        0.214106        0.202589        0.214764        0.224672        0.225048        0.226696        0.226696        0.225048        0.224672        0.214764        0.208391        0.209359        0.206851        0.210532        0.203074        0.191794        0.417898        0.191794        0.203074        0.210532        0.206851        0.209359        0.208391        0.216712        0.224727        0.223453              -1        0.223453        0.224727        0.216712 
       0.214764        0.202589        0.214106        0.208552        0.202352        0.198606        0.197562        0.197562        0.198606        0.202352        0.208552        0.214106        0.202589        0.214764        0.224672        0.225048        0.226696        0.226696        0.225048        0.224672        0.216712        0.208391        0.209359        0.206851        0.210532        0.203074        0.191794        0.417898        0.191794        0.203074        0.210532        0.206851        0.209359        0.208391        0.216712        0.224727        0.223453              -1        0.223453        0.224727 
       0.224672        0.214764        0.202589        0.214106        0.208552        0.202352        0.198606        0.197562        0.197562        0.198606        0.202352        0.208552        0.214106        0.202589        0.214764        0.224672        0.225048        0.226696        0.226696        0.225048        0.224727        0.216712        0.208391        0.209359        0.206851        0.210532        0.203074        0.191794        0.417898        0.191794        0.203074        0.210532        0.206851        0.209359        0.208391        0.216712        0.224727        0.223453              -1        0.223453 
       0.225048        0.224672        0.214764        0.202589        0.214106        0.208552        0.202352        0.198606        0.197562        0.197562        0.198606        0.202352        0.208552        0.214106        0.202589        0.214764        0.224672        0.225048        0.226696        0.226696        0.223453        0.224727        0.216712        0.208391        0.209359        0.206851        0.210532        0.203074        0.191794        0.417898        0.191794        0.203074        0.210532        0.206851        0.209359        0.208391        0.216712        0.224727        0.223453              -1 

